sum_loss_all	loss_ciou	loss_conf
1	2.2094698	0.9782672	2.0136197	0.98022413	0	0
2	0.38449335	0.6798039	0.22532846	0.911844	0	0
3	0.14426503	0.5713697	0.12253215	-0.35404125	0	0
4	0.044562984	0.52554005	0.090000756	-0.97991747	0	0
5	0.028154058	0.49884862	0.07737203	-0.9910279	0	0
6	0.018369937	0.4836094	0.06938569	-0.9937669	0	0
7	0.010661503	0.46984825	0.063165486	-0.99488795	0	0
8	0.006239444	0.46238118	0.059565853	-0.9956453	0	0
9	0.003215309	0.45595598	0.057209462	-0.9958979	0	0
10	0.0010677816	0.45020267	0.055623263	-0.99575734	0	0
11	0.0001661539	0.44823512	0.054871775	-0.9952914	0	0
12	-0.0016640273	0.442653	0.053604405	-0.99533725	0	0
13	-0.0040202313	0.4379644	0.051722065	-0.9953874	0	0
14	-0.0044993544	0.43659827	0.051345076	-0.99504286	0	0
15	-0.0068959193	0.43152505	0.04951728	-0.99565727	0	0
16	-0.00822127	0.42900383	0.048417736	-0.99539393	0	0
17	-0.008655917	0.42678976	0.04815019	-0.9948513	0	0
18	-0.00945057	0.42508817	0.04749607	-0.9945546	0	0
19	-0.010549474	0.4247765	0.04647882	-0.9950597	0	0
20	-0.01063705	0.42317322	0.046481885	-0.99436235	0	0
21	-0.011630378	0.42214942	0.04562493	-0.9947024	0	0
22	-0.0123476125	0.41970393	0.045056712	-0.9937469	0	0
23	-0.013173108	0.419997	0.04422919	-0.9940203	0	0
24	-0.015417596	0.41763955	0.042253386	-0.9943496	0	0
25	-0.015348074	0.4170042	0.04229494	-0.99343413	0	0
26	-0.017481053	0.41539723	0.0403516	-0.9937237	0	0
27	-0.018947477	0.41565475	0.03890243	-0.994154	0	0
28	-0.016361792	0.41639233	0.041137427	-0.9913846	0	0
29	-0.020234782	0.41468593	0.037717395	-0.99420726	0	0
30	-0.016317945	0.41859135	0.04107009	-0.992472	0	0
31	-0.021342276	0.41426453	0.03663826	-0.99407005	0	0
32	-0.023235966	0.41308185	0.03488427	-0.9942842	0	0
33	-0.024123222	0.41196018	0.034126163	-0.9944535	0	0
34	-0.02533017	0.41111696	0.0329954	-0.9943729	0	0
35	-0.022989392	0.41112396	0.035276927	-0.99378747	0	0
36	-0.025779655	0.4089886	0.032744657	-0.994232	0	0
37	-0.026032386	0.40939394	0.032449372	-0.9942113	0	0
38	-0.02639229	0.4090121	0.032138478	-0.9943197	0	0
39	-0.026549838	0.40875095	0.03197694	-0.9940185	0	0
40	-0.027621131	0.40755677	0.031070152	-0.9944699	0	0
41	-0.02545369	0.4102376	0.03290831	-0.9938576	0	0
42	-0.022808155	0.41122225	0.03526597	-0.9919638	0	0
43	-0.026253387	0.40854847	0.032389864	-0.99498093	0	0
44	-0.028499423	0.40593195	0.030407827	-0.9950051	0	0
45	-0.028285598	0.40604168	0.03057205	-0.9946184	0	0
46	-0.029436054	0.40483227	0.029567482	-0.99486744	0	0
47	-0.029889269	0.4045607	0.029150683	-0.99496037	0	0
48	-0.03035898	0.4032215	0.028804928	-0.9948605	0	0
49	-0.030484224	0.4029603	0.028701223	-0.9948144	0	0
50	-0.030053891	0.4039471	0.029037373	-0.9948595	0	0
51	-0.030414699	0.40338188	0.028725944	-0.99478817	0	0
52	-0.031468727	0.40129438	0.027893728	-0.994919	0	0
53	-0.03136073	0.4017612	0.027920956	-0.99457806	0	0
54	-0.030850017	0.4026363	0.02835491	-0.9946857	0	0
55	-0.029641349	0.4045359	0.029347664	-0.9944261	0	0
56	-0.030175274	0.402892	0.028984701	-0.9944918	0	0
57	-0.01957714	0.41487622	0.03820761	-0.9927235	0	0
58	-0.029967405	0.40388805	0.029154398	-0.995106	0	0
59	-0.030886106	0.40184537	0.028424257	-0.994949	0	0
60	-0.031501923	0.40160048	0.027824663	-0.99486625	0	0
61	-0.032779787	0.39973232	0.026737465	-0.994905	0	0
62	-0.03255529	0.400383	0.026916247	-0.99509895	0	0
63	-0.03283165	0.39921013	0.026778273	-0.9953094	0	0
64	-0.033026777	0.39859372	0.026638096	-0.9952426	0	0
65	-0.03368986	0.39762828	0.026045682	-0.99498373	0	0
66	-0.033346754	0.39808372	0.026333721	-0.99488837	0	0
67	-0.033543993	0.39669162	0.026288241	-0.99501395	0	0
68	-0.03422418	0.39710835	0.025574878	-0.9950987	0	0
69	-0.03387683	0.3969486	0.02591291	-0.9948463	0	0
70	-0.0338147	0.3978604	0.025899706	-0.9950042	0	0
71	-0.034694076	0.39630872	0.025191767	-0.9951669	0	0
72	-0.034053642	0.39724237	0.025725974	-0.99503857	0	0
73	-0.03452881	0.3966917	0.025299296	-0.9949727	0	0
74	-0.034776468	0.39710903	0.025014201	-0.9950157	0	0
75	-0.03468613	0.3959707	0.02523094	-0.99514174	0	0
76	-0.03495893	0.395963	0.02492749	-0.99482745	0	0
77	-0.033038985	0.3983717	0.02649813	-0.99374336	0	0
78	-0.035051584	0.39514014	0.024951134	-0.99516743	0	0
79	-0.03501421	0.39539856	0.024938256	-0.9949231	0	0
80	-0.035117116	0.39546466	0.024819797	-0.9948339	0	0
81	-0.03543584	0.39583716	0.024497112	-0.9951668	0	0
82	-0.035406005	0.39518753	0.02458042	-0.9950517	0	0
83	-0.035037052	0.395775	0.024886796	-0.9950132	0	0
84	-0.03560897	0.39424804	0.024484225	-0.9951803	0	0
85	-0.03577135	0.39466587	0.024254743	-0.9949272	0	0
86	-0.036205992	0.3940048	0.023893805	-0.99500275	0	0
87	-0.03628957	0.3941441	0.023810951	-0.99514955	0	0
88	-0.036539935	0.39379102	0.023592193	-0.9951118	0	0
89	-0.036347758	0.39426282	0.023715585	-0.99489635	0	0
90	-0.036790654	0.39297435	0.02343547	-0.9952359	0	0
91	-0.037066642	0.3922863	0.02320158	-0.9949688	0	0
92	-0.037053294	0.39250383	0.023198718	-0.99502414	0	0
93	-0.03682915	0.39292994	0.023390327	-0.99512506	0	0
94	-0.036980744	0.3931024	0.023216275	-0.9950725	0	0
95	-0.037291195	0.3923402	0.022985848	-0.9951104	0	0
96	-0.03711376	0.39268935	0.023127392	-0.9951007	0	0
97	-0.03706084	0.39328092	0.02310146	-0.9949035	0	0
98	-0.03752035	0.3913487	0.02286051	-0.99515736	0	0
99	-0.037692375	0.39100578	0.022734415	-0.9952737	0	0
100	-0.03745067	0.39147243	0.022914045	-0.99511987	0	0
101	-0.03777	0.39057016	0.02267124	-0.9949826	0	0
102	-0.038206503	0.38987377	0.022309145	-0.9950301	0	0
103	-0.03790047	0.39048386	0.022572896	-0.99521726	0	0
104	-0.038051773	0.39063537	0.022414483	-0.99529797	0	0
105	-0.03821232	0.38977313	0.022346983	-0.995366	0	0
106	-0.038070463	0.3905542	0.022370327	-0.9949623	0	0
107	-0.03848065	0.38950214	0.022094393	-0.9952528	0	0
108	-0.038224038	0.38970435	0.022332853	-0.99527323	0	0
109	-0.038788788	0.3898371	0.021762144	-0.99534684	0	0
110	-0.03854549	0.39036098	0.021935863	-0.99517494	0	0
111	-0.038857568	0.38921264	0.021736702	-0.9951554	0	0
112	-0.038972296	0.3881326	0.021743309	-0.99528855	0	0
113	-0.03874872	0.38986695	0.021791328	-0.9952671	0	0
114	-0.03958502	0.38917273	0.021038223	-0.995405	0	0
115	-0.0392854	0.38902557	0.0213592	-0.9954716	0	0
116	-0.039055225	0.38845202	0.021635795	-0.99536204	0	0
117	-0.038725052	0.39018953	0.021807915	-0.99551946	0	0
118	-0.039525166	0.38756794	0.021246588	-0.9952854	0	0
119	-0.039131656	0.3892433	0.021465082	-0.9952112	0	0
120	-0.039247636	0.38887924	0.0213746	-0.9951018	0	0
121	-0.03934476	0.38868636	0.021334233	-0.9954761	0	0
122	-0.039452083	0.3887334	0.021189189	-0.9951461	0	0
123	-0.039645568	0.3886058	0.021054987	-0.9956112	0	0
124	-0.039743185	0.3886231	0.020916294	-0.9952178	0	0
125	-0.039684184	0.38833737	0.021018723	-0.9953659	0	0
126	-0.039733678	0.38717455	0.021070598	-0.9952172	0	0
127	-0.039744694	0.38784808	0.020994255	-0.99523747	0	0
128	-0.039771914	0.38847172	0.020895816	-0.99514896	0	0
129	-0.040168796	0.38649282	0.020747798	-0.99565893	0	0
130	-0.039857525	0.38730544	0.020941108	-0.99529207	0	0
131	-0.03962572	0.3879202	0.021118904	-0.9953662	0	0
132	-0.04018987	0.38752323	0.020605976	-0.9954818	0	0
133	-0.03998486	0.3868569	0.020871893	-0.99542475	0	0
134	-0.040231574	0.38739195	0.020560836	-0.9953161	0	0
135	-0.040107306	0.38790914	0.020637104	-0.99535346	0	0
136	-0.03995277	0.38718957	0.020831654	-0.99503386	0	0
137	-0.040212598	0.38706228	0.020626586	-0.99545485	0	0
138	-0.040130306	0.38752067	0.020661814	-0.9954422	0	0
139	-0.040255923	0.3869244	0.020623608	-0.99571973	0	0
140	-0.040352844	0.3879977	0.020372156	-0.9952478	0	0
141	-0.04032058	0.38692537	0.02054895	-0.9956207	0	0
142	-0.040802486	0.38621444	0.020093648	-0.9951757	0	0
143	-0.040519048	0.3871893	0.020303417	-0.9954141	0	0
144	-0.0408139	0.38608694	0.02014276	-0.9956539	0	0
145	-0.04102605	0.38658455	0.019879714	-0.99564135	0	0
146	-0.040787093	0.38662314	0.020114686	-0.99564075	0	0
147	-0.04086327	0.38558218	0.020119864	-0.99541336	0	0
148	-0.04083895	0.38622174	0.020099439	-0.99560547	0	0
149	-0.040688183	0.3861252	0.020262584	-0.9956326	0	0
150	-0.040582493	0.3865314	0.02032515	-0.9956077	0	0
151	-0.041062396	0.38592687	0.01991921	-0.9957431	0	0
152	-0.04133395	0.38608962	0.01962166	-0.99564594	0	0
153	-0.041122384	0.38528103	0.019881764	-0.99532264	0	0
154	-0.041226156	0.38650295	0.019699804	-0.99576235	0	0
155	-0.040905666	0.385355	0.020123757	-0.99564946	0	0
156	-0.041663896	0.38573405	0.019351153	-0.9958848	0	0
157	-0.041420765	0.3858011	0.019556241	-0.99557143	0	0
158	-0.041144293	0.38564545	0.019879824	-0.99588704	0	0
159	-0.041773602	0.3853312	0.019257797	-0.99564505	0	0
160	-0.04130767	0.38624212	0.01963347	-0.99565333	0	0
161	-0.041406278	0.38499597	0.019643748	-0.9954966	0	0
162	-0.0413701	0.38624397	0.019557932	-0.9955242	0	0
163	-0.041251477	0.38599128	0.019723158	-0.99573785	0	0
164	-0.041379742	0.38513204	0.019677762	-0.99570733	0	0
165	-0.04139625	0.3854073	0.019615846	-0.9955283	0	0
166	-0.04122995	0.38548154	0.019774335	-0.99552417	0	0
167	-0.041161735	0.38511246	0.019897422	-0.9957038	0	0
168	-0.0417409	0.3846032	0.019339161	-0.99540347	0	0
169	-0.042063646	0.384288	0.01908339	-0.99575824	0	0
170	-0.0420138	0.38393557	0.01917363	-0.99580985	0	0
171	-0.042088166	0.38415655	0.019070715	-0.9957452	0	0
172	-0.04180309	0.38413054	0.019354608	-0.9957071	0	0
173	-0.041667465	0.38548842	0.01933716	-0.99553466	0	0
174	-0.04210458	0.38473025	0.019013096	-0.99590725	0	0
175	-0.04183268	0.38448626	0.019291222	-0.9957251	0	0
176	-0.041966148	0.3835804	0.019238148	-0.9956234	0	0
177	-0.041807752	0.38483256	0.019290367	-0.9958134	0	0
178	-0.041947123	0.384052	0.019230206	-0.99582493	0	0
179	-0.041983448	0.38436094	0.019159807	-0.99579394	0	0
180	-0.042223793	0.3843943	0.0189293	-0.9959248	0	0
181	-0.042114973	0.38417	0.019012483	-0.9954447	0	0
182	-0.042154636	0.38384736	0.019036705	-0.99576074	0	0
183	-0.042190757	0.38414195	0.018964643	-0.9956955	0	0
184	-0.042068813	0.38454914	0.01903278	-0.9955647	0	0
185	-0.041864544	0.384508	0.019246513	-0.9956184	0	0
186	-0.04232452	0.38395834	0.01885204	-0.9957238	0	0
187	-0.04222198	0.3841836	0.01892921	-0.9956952	0	0
188	-0.042173773	0.38441423	0.018977212	-0.9959237	0	0
189	-0.04213645	0.38346776	0.019079397	-0.99562633	0	0
190	-0.042926367	0.38370943	0.018272845	-0.9957015	0	0
191	-0.042376596	0.38413092	0.01877909	-0.9956878	0	0
192	-0.042756107	0.38282087	0.018541083	-0.9957928	0	0
193	-0.042520277	0.38333234	0.01875283	-0.9960634	0	0
194	-0.042716604	0.3834805	0.018535545	-0.99600255	0	0
195	-0.042496964	0.3836504	0.018740896	-0.9960294	0	0
196	-0.042181548	0.38396835	0.019017963	-0.99596405	0	0
197	-0.042027745	0.38389233	0.01916664	-0.99583614	0	0
198	-0.04293639	0.38405076	0.018261753	-0.99603224	0	0
199	-0.04271124	0.3831971	0.018539658	-0.99570614	0	0
200	-0.04251305	0.3834916	0.01873158	-0.995938	0	0
201	-0.042850167	0.38301897	0.018414738	-0.9956686	0	0
202	-0.042577073	0.38365114	0.018647742	-0.9958991	0	0
203	-0.042804014	0.38382843	0.018388197	-0.99575084	0	0
204	-0.04242355	0.38313463	0.018833222	-0.9957025	0	0
205	-0.042569604	0.3836956	0.018639455	-0.99578637	0	0
206	-0.042997755	0.38261896	0.018344006	-0.9960369	0	0
207	-0.042705636	0.38303554	0.018587096	-0.995963	0	0
208	-0.04247863	0.38353276	0.018737327	-0.9956929	0	0
209	-0.042736802	0.38234246	0.0186206	-0.99591655	0	0
210	-0.042918615	0.38322335	0.018334355	-0.99575275	0	0
211	-0.042791568	0.38274068	0.01853257	-0.9959821	0	0
212	-0.042983245	0.38302872	0.018314898	-0.99601007	0	0
213	-0.04286823	0.38207555	0.018508973	-0.9958474	0	0
214	-0.043278787	0.38261607	0.018045824	-0.99586266	0	0
215	-0.04317931	0.3833874	0.018086722	-0.9960472	0	0
216	-0.0427339	0.38277763	0.018557468	-0.9956914	0	0
217	-0.043097097	0.3827544	0.01823801	-0.9961056	0	0
218	-0.043217387	0.38257062	0.018109873	-0.9958432	0	0
219	-0.04240795	0.3829871	0.018894305	-0.9960092	0	0
220	-0.043399256	0.38282076	0.017919144	-0.99600464	0	0
221	-0.043131158	0.38328746	0.018119713	-0.9957963	0	0
222	-0.043185506	0.3820432	0.018192971	-0.9958278	0	0
223	-0.04311734	0.38301924	0.018184464	-0.9960368	0	0
224	-0.043410838	0.38314852	0.017873095	-0.99598795	0	0
225	-0.04305473	0.38232133	0.018298486	-0.9958537	0	0
226	-0.04319912	0.38217646	0.018142195	-0.99558944	0	0
227	-0.04313677	0.38143817	0.018318722	-0.9959929	0	0
228	-0.04330895	0.38221484	0.018101322	-0.9963172	0	0
229	-0.043510858	0.38212284	0.017873872	-0.99597013	0	0
230	-0.043566745	0.38164237	0.017884677	-0.9961563	0	0
231	-0.043014072	0.38180676	0.018395845	-0.9959056	0	0
232	-0.043527104	0.38114288	0.017963773	-0.9960517	0	0
233	-0.04362803	0.3817131	0.017789373	-0.99588704	0	0
234	-0.04342566	0.38133925	0.018044783	-0.9960437	0	0
235	-0.043467294	0.38218227	0.017897038	-0.9958259	0	0
236	-0.043530904	0.38127363	0.017905386	-0.9956362	0	0
237	-0.04348068	0.38179475	0.017944172	-0.9960432	0	0
238	-0.043524407	0.38146693	0.017920982	-0.9959208	0	0
239	-0.043504003	0.38224387	0.017874215	-0.9960257	0	0
240	-0.043331586	0.38192907	0.018070133	-0.9959461	0	0
241	-0.04370785	0.3808881	0.01782584	-0.99622476	0	0
242	-0.043353535	0.3808135	0.018179018	-0.99613863	0	0
243	-0.044011198	0.38121018	0.017464168	-0.99596417	0	0
244	-0.04366874	0.3815139	0.017791133	-0.99611247	0	0
245	-0.043812912	0.38138878	0.017652739	-0.99604505	0	0
246	-0.044187497	0.38098624	0.017318627	-0.9960476	0	0
247	-0.04383897	0.38036275	0.017740699	-0.99615955	0	0
248	-0.04368181	0.3816751	0.017763294	-0.9961263	0	0
249	-0.04372246	0.38214222	0.017672442	-0.99609095	0	0
250	-0.04387028	0.38102967	0.017629325	-0.99602556	0	0
251	-0.043759033	0.38132727	0.017724715	-0.996165	0	0
252	-0.043717314	0.3809406	0.017795432	-0.9960679	0	0
253	-0.044179022	0.381142	0.017317487	-0.9961074	0	0
254	-0.04340016	0.38266703	0.017937446	-0.9960429	0	0
255	-0.043875072	0.3804493	0.017695973	-0.9961597	0	0
256	-0.043549366	0.38152447	0.017894732	-0.9959657	0	0
257	-0.043753386	0.38150656	0.017721532	-0.99625564	0	0
258	-0.04373201	0.38126725	0.017736396	-0.9959515	0	0
259	-0.043803107	0.38118723	0.017707914	-0.9962977	0	0
260	-0.044217065	0.38028038	0.01738077	-0.996259	0	0
261	-0.044069547	0.38111115	0.017451864	-0.9963253	0	0
262	-0.04430079	0.3807471	0.017227553	-0.99603057	0	0
263	-0.044240434	0.38074437	0.017293023	-0.99607927	0	0
264	-0.043535825	0.3808636	0.017973576	-0.99595755	0	0
265	-0.04371077	0.38087818	0.017826425	-0.99624985	0	0
266	-0.044070832	0.38110137	0.017440202	-0.9962117	0	0
267	-0.043970816	0.38096547	0.017532691	-0.9960006	0	0
268	-0.04448075	0.38066715	0.017062645	-0.9961011	0	0
269	-0.044353366	0.3803145	0.017237283	-0.99622107	0	0
270	-0.04382505	0.38035205	0.01775539	-0.99615693	0	0
271	-0.04365807	0.3813691	0.017819457	-0.9961447	0	0
272	-0.044153854	0.3800765	0.017464962	-0.9962648	0	0
273	-0.04406854	0.38053465	0.017516868	-0.99638885	0	0
274	-0.04419469	0.38027883	0.01741544	-0.9963798	0	0
275	-0.044289786	0.38068718	0.0172488	-0.99607307	0	0
276	-0.044443224	0.38079453	0.017114645	-0.99637324	0	0
277	-0.04385398	0.38037574	0.017716296	-0.9960788	0	0
278	-0.044204302	0.38068783	0.017331032	-0.99604094	0	0
279	-0.044043843	0.38116452	0.017469779	-0.9963006	0	0
280	-0.04449291	0.37996957	0.017126825	-0.99616706	0	0
281	-0.044131078	0.38008046	0.017478256	-0.9961736	0	0
282	-0.044172484	0.38031772	0.017393267	-0.99597514	0	0
283	-0.044572223	0.3792009	0.017147778	-0.9964014	0	0
284	-0.044316623	0.3793906	0.017362706	-0.99618393	0	0
285	-0.044252157	0.38020802	0.01735632	-0.99629307	0	0
286	-0.04431088	0.37931886	0.01738269	-0.9962549	0	0
287	-0.04450289	0.3800494	0.017121904	-0.99629736	0	0
288	-0.044428717	0.3801992	0.017184855	-0.99633497	0	0
289	-0.04434129	0.38047057	0.017222729	-0.9961107	0	0
290	-0.044351082	0.3799765	0.01727324	-0.9962194	0	0
291	-0.04470372	0.38014057	0.016913129	-0.99630946	0	0
292	-0.044465177	0.38005394	0.017155236	-0.9962583	0	0
293	-0.04429251	0.3810158	0.01722644	-0.99620575	0	0
294	-0.04462044	0.3801909	0.016989928	-0.9962943	0	0
295	-0.044395532	0.3807332	0.017169805	-0.9963871	0	0
296	-0.044629667	0.3791747	0.017072402	-0.99619544	0	0
297	-0.044648673	0.379967	0.016975747	-0.996211	0	0
298	-0.04473408	0.3792172	0.016968973	-0.99624765	0	0
299	-0.044078864	0.38120803	0.017404579	-0.9960424	0	0
300	-0.04467559	0.37974086	0.016973022	-0.9962272	0	0
301	-0.04430309	0.38014895	0.017298015	-0.9961601	0	0
302	-0.044415917	0.38017556	0.017190121	-0.996236	0	0
303	-0.04460317	0.3789088	0.017134603	-0.99628645	0	0
304	-0.044590943	0.37991443	0.017022891	-0.9960529	0	0
305	-0.04478818	0.37982342	0.016881123	-0.9965164	0	0
306	-0.04476995	0.37851787	0.017021226	-0.99642986	0	0
307	-0.04466913	0.37931466	0.017043063	-0.9964364	0	0
308	-0.044339728	0.38010356	0.017273223	-0.9962333	0	0
309	-0.044834524	0.3792406	0.016883168	-0.9964174	0	0
310	-0.04433733	0.37947774	0.017330186	-0.99615294	0	0
311	-0.044929057	0.37861162	0.016853904	-0.9964415	0	0
312	-0.044848368	0.37931913	0.016848952	-0.9962922	0	0
313	-0.044492226	0.37919697	0.017242406	-0.9965436	0	0
314	-0.044746667	0.37949452	0.016962968	-0.9965904	0	0
315	-0.044789024	0.3795363	0.01690786	-0.99650496	0	0
316	-0.044862915	0.3789359	0.01688566	-0.9964215	0	0
317	-0.04495308	0.37977374	0.016714742	-0.9964521	0	0
318	-0.044823784	0.3797998	0.016848575	-0.9965231	0	0
319	-0.044574138	0.3794672	0.017100288	-0.99621135	0	0
320	-0.04470601	0.37969247	0.016955884	-0.9963111	0	0
321	-0.044647954	0.37919477	0.017078329	-0.99645764	0	0
322	-0.04518655	0.37870833	0.016597925	-0.99655324	0	0
323	-0.044657107	0.37886345	0.017120428	-0.99663866	0	0
324	-0.045074526	0.37915707	0.016641187	-0.99631447	0	0
325	-0.04499023	0.37997288	0.016639406	-0.9962696	0	0
326	-0.04476884	0.37893406	0.016984513	-0.9964675	0	0
327	-0.045018323	0.37913787	0.0167008	-0.99632925	0	0
328	-0.045091067	0.37911308	0.01662865	-0.9963105	0	0
329	-0.045165893	0.37840497	0.016623944	-0.9963035	0	0
330	-0.04513904	0.378611	0.016646903	-0.99647087	0	0
331	-0.044855952	0.37954047	0.016819196	-0.996292	0	0
332	-0.04509619	0.37792653	0.016753064	-0.99641883	0	0
333	-0.04483218	0.37877008	0.016958231	-0.9966739	0	0
334	-0.04510844	0.37852153	0.016680613	-0.9964122	0	0
335	-0.045134638	0.37891832	0.016642353	-0.9966885	0	0
336	-0.045139257	0.37858346	0.016660437	-0.9965803	0	0
337	-0.0452657	0.37780493	0.016601013	-0.99647164	0	0
338	-0.045175556	0.37905172	0.016582504	-0.99663234	0	0
339	-0.04502852	0.37899518	0.016712926	-0.9964094	0	0
340	-0.045170862	0.37863657	0.016620228	-0.9965472	0	0
341	-0.044872273	0.3791465	0.016879205	-0.99666166	0	0
342	-0.044906884	0.37850085	0.016884374	-0.99641335	0	0
343	-0.044936728	0.37851804	0.016857522	-0.996461	0	0
344	-0.045308728	0.37823376	0.016520495	-0.99652594	0	0
345	-0.045096885	0.37826806	0.016734619	-0.99658304	0	0
346	-0.045219436	0.37845907	0.016604763	-0.99670076	0	0
347	-0.045334816	0.3783498	0.016473679	-0.9964349	0	0
348	-0.04511536	0.37889764	0.016632415	-0.99637544	0	0
349	-0.045277	0.37784126	0.016606132	-0.9966726	0	0
350	-0.045381203	0.37836725	0.016432626	-0.99650556	0	0
351	-0.04492312	0.3784093	0.016884867	-0.99648905	0	0
352	-0.04521739	0.37810493	0.016631903	-0.9965982	0	0
353	-0.045176152	0.37852585	0.016635226	-0.99663955	0	0
354	-0.045564752	0.37754163	0.016317174	-0.99636084	0	0
355	-0.04526279	0.3777889	0.01661653	-0.99658173	0	0
356	-0.04555698	0.37796855	0.016319143	-0.99672925	0	0
357	-0.04551084	0.3780916	0.016345605	-0.9966559	0	0
358	-0.045506738	0.37781715	0.016372144	-0.9966059	0	0
359	-0.045448594	0.37788156	0.016420947	-0.99657726	0	0
360	-0.04546877	0.37745556	0.016438635	-0.9965298	0	0
361	-0.045465734	0.37754506	0.016419107	-0.9963936	0	0
362	-0.045334652	0.37704626	0.016626459	-0.99665713	0	0
363	-0.045420505	0.37759408	0.016466457	-0.99646384	0	0
364	-0.045429572	0.37764397	0.016455354	-0.99649316	0	0
365	-0.045546904	0.37826928	0.016300723	-0.9967451	0	0
366	-0.04563179	0.3781149	0.01620691	-0.9965021	0	0
367	-0.04556077	0.37759063	0.01634391	-0.9966371	0	0
368	-0.04558097	0.37755305	0.016302632	-0.996389	0	0
369	-0.045628604	0.3774168	0.016275993	-0.99646235	0	0
370	-0.045642294	0.37735832	0.016268581	-0.9964669	0	0
371	-0.045852575	0.3774768	0.016064446	-0.996647	0	0
372	-0.04580668	0.37769416	0.016073106	-0.9964925	0	0
373	-0.04515879	0.37795606	0.016694348	-0.996488	0	0
374	-0.045357697	0.37773332	0.016533328	-0.9966438	0	0
375	-0.044858012	0.3786952	0.016929787	-0.99657315	0	0
376	-0.04554964	0.378048	0.01629947	-0.9965387	0	0
377	-0.045576505	0.37810406	0.0162729	-0.996598	0	0
378	-0.04572268	0.37765494	0.01616384	-0.99652034	0	0
379	-0.04582575	0.3772732	0.016109403	-0.9966245	0	0
380	-0.045487005	0.3776318	0.01640136	-0.9965156	0	0
381	-0.045534283	0.3775824	0.016354164	-0.9964667	0	0
382	-0.045483246	0.37774652	0.016409159	-0.9966708	0	0
383	-0.046218086	0.37625968	0.015826281	-0.9967036	0	0
384	-0.04609541	0.37680793	0.015897263	-0.99673533	0	0
385	-0.045750998	0.3773449	0.016172085	-0.9965762	0	0
386	-0.04572531	0.37718067	0.016222961	-0.996663	0	0
387	-0.045645963	0.37667048	0.016351338	-0.9966437	0	0
388	-0.045625802	0.37747052	0.016299427	-0.9967229	0	0
389	-0.045882203	0.37716818	0.01607121	-0.99670225	0	0
390	-0.045666855	0.37701428	0.016283546	-0.9965181	0	0
391	-0.045982648	0.37667742	0.016007429	-0.99657834	0	0
392	-0.046016317	0.3773704	0.015905675	-0.99659073	0	0
393	-0.045970764	0.37678918	0.016005639	-0.9965523	0	0
394	-0.045666754	0.37722084	0.016288256	-0.9967712	0	0
395	-0.046058875	0.3768292	0.01592631	-0.99668086	0	0
396	-0.045602225	0.37707832	0.01636361	-0.99673665	0	0
397	-0.045722574	0.3767554	0.016270608	-0.99668694	0	0
398	-0.045711648	0.37795368	0.01615461	-0.9966159	0	0
399	-0.045802414	0.3772696	0.016135175	-0.9966454	0	0
400	-0.046256173	0.37649372	0.015764616	-0.9967014	0	0
401	-0.045900647	0.3769854	0.01608603	-0.9968522	0	0
402	-0.0461486	0.37672666	0.015841778	-0.9966298	0	0
403	-0.045850933	0.37637895	0.016187925	-0.99676734	0	0
404	-0.046219535	0.3765918	0.015789747	-0.99668443	0	0
405	-0.045804713	0.3765015	0.016223133	-0.9967797	0	0
406	-0.045651715	0.37773687	0.01623936	-0.99664754	0	0
407	-0.046061415	0.3766935	0.015947932	-0.9967871	0	0
408	-0.046141714	0.37677082	0.015870256	-0.99689007	0	0
409	-0.046155572	0.37671274	0.015844071	-0.9967093	0	0
410	-0.046352975	0.3763954	0.015665561	-0.99658024	0	0
411	-0.04599551	0.37689248	0.015984891	-0.9966968	0	0
412	-0.046013005	0.37629938	0.016040094	-0.9968306	0	0
413	-0.04622157	0.37642756	0.015822217	-0.9968652	0	0
414	-0.0462435	0.3763644	0.01578304	-0.99663025	0	0
415	-0.045923755	0.3766556	0.016084004	-0.9967331	0	0
416	-0.04620907	0.37616867	0.015847739	-0.9967368	0	0
417	-0.045976967	0.37664932	0.016026944	-0.99668866	0	0
418	-0.046289198	0.37613705	0.015766744	-0.9966967	0	0
419	-0.046071887	0.37685385	0.015915016	-0.99672306	0	0
420	-0.04616825	0.37708336	0.015793063	-0.9966965	0	0
421	-0.046295494	0.37649593	0.015738096	-0.9968319	0	0
422	-0.046258386	0.3762225	0.015796803	-0.99677444	0	0
423	-0.046030976	0.37623897	0.016020937	-0.99675846	0	0
424	-0.046016086	0.37640736	0.01600075	-0.9965756	0	0
425	-0.046246234	0.37670764	0.015758304	-0.9967529	0	0
426	-0.046106726	0.37698704	0.015886521	-0.99691916	0	0
427	-0.04636038	0.3763149	0.015698755	-0.99690586	0	0
428	-0.04618995	0.37632504	0.015861042	-0.9968349	0	0
429	-0.046746355	0.375693	0.015363442	-0.99679136	0	0
430	-0.04661355	0.37536815	0.015538452	-0.9968882	0	0
431	-0.046606176	0.37542796	0.015529797	-0.99678755	0	0
432	-0.046341255	0.37647393	0.015691543	-0.9968022	0	0
433	-0.046474587	0.37630135	0.015584855	-0.9968957	0	0
434	-0.046403732	0.37608072	0.01565623	-0.99668026	0	0
435	-0.04652744	0.37575284	0.01558251	-0.9968527	0	0
436	-0.04626794	0.37624836	0.015792673	-0.9968551	0	0
437	-0.04614997	0.37563214	0.015968958	-0.99682134	0	0
438	-0.04662336	0.37551913	0.015516436	-0.9969173	0	0
439	-0.046107363	0.3760706	0.015956765	-0.99671185	0	0
440	-0.046316877	0.37588608	0.015784057	-0.996895	0	0
441	-0.046261113	0.37630934	0.01578769	-0.99679744	0	0
442	-0.046252385	0.37605563	0.015819041	-0.9967701	0	0
443	-0.046605702	0.3765768	0.015425805	-0.9968918	0	0
444	-0.04642818	0.37642094	0.015617809	-0.99688107	0	0
445	-0.046614747	0.37631914	0.015444546	-0.99691164	0	0
446	-0.046468668	0.37628412	0.015588481	-0.9968558	0	0
447	-0.046649978	0.37497064	0.0155513445	-0.996984	0	0
448	-0.046365198	0.37592578	0.015723834	-0.99681604	0	0
449	-0.046160206	0.37641734	0.015895724	-0.99697644	0	0
450	-0.04668798	0.3760957	0.015387573	-0.9968511	0	0
451	-0.046566296	0.37576804	0.015546901	-0.9969	0	0
452	-0.046682768	0.37532005	0.015474666	-0.9968946	0	0
453	-0.046726294	0.3760449	0.015360095	-0.99690837	0	0
454	-0.046737693	0.37517887	0.015441197	-0.996968	0	0
455	-0.046771906	0.37569082	0.015347313	-0.9968831	0	0
456	-0.04653802	0.37602496	0.01555671	-0.9969722	0	0
457	-0.04643322	0.37576064	0.01568417	-0.9969348	0	0
458	-0.04668786	0.37472424	0.015531609	-0.99691933	0	0
459	-0.046651054	0.37550068	0.0154915545	-0.99692667	0	0
460	-0.04650389	0.37568668	0.015601627	-0.9967419	0	0
461	-0.046959765	0.3750545	0.015235003	-0.9970018	0	0
462	-0.04633589	0.3760551	0.015746817	-0.9968818	0	0
463	-0.046565235	0.37550938	0.0155744	-0.9969053	0	0
464	-0.046601195	0.3755307	0.015521059	-0.996753	0	0
465	-0.047163356	0.37504444	0.015029768	-0.9969755	0	0
466	-0.046703562	0.3755652	0.015437329	-0.99697345	0	0
467	-0.046598695	0.37532204	0.015565381	-0.9969631	0	0
468	-0.0469901	0.37532124	0.015185087	-0.99707335	0	0
469	-0.046788722	0.37535518	0.015367503	-0.99691796	0	0
470	-0.04674821	0.37538737	0.01540507	-0.9969206	0	0
471	-0.04695501	0.3746804	0.015272423	-0.99695456	0	0
472	-0.04692702	0.37479648	0.015302215	-0.99708915	0	0
473	-0.046542954	0.3749881	0.015645131	-0.9968686	0	0
474	-0.046958808	0.37427467	0.015307636	-0.9969393	0	0
475	-0.04703824	0.37432525	0.015229974	-0.99700785	0	0
476	-0.04700109	0.37440777	0.015240838	-0.9968271	0	0
477	-0.046838645	0.37511346	0.015343484	-0.99693465	0	0
478	-0.04684654	0.37578976	0.015274215	-0.99699736	0	0
479	-0.046642896	0.37586	0.015470111	-0.9969898	0	0
480	-0.046913616	0.37508157	0.015275897	-0.9969763	0	0
481	-0.04695595	0.37441972	0.015280734	-0.996786	0	0
482	-0.046905767	0.37503085	0.015276769	-0.99685615	0	0
483	-0.046866298	0.3753926	0.015297384	-0.99702954	0	0
484	-0.046771683	0.37536848	0.015385265	-0.99693775	0	0
485	-0.046961617	0.37469804	0.0152666215	-0.99698025	0	0
486	-0.047032326	0.3746181	0.015196007	-0.9969012	0	0
487	-0.046937224	0.3748545	0.015284586	-0.997073	0	0
488	-0.046904605	0.37514958	0.015275008	-0.99694526	0	0
489	-0.04726258	0.3747411	0.014974172	-0.99710864	0	0
490	-0.04671809	0.37565586	0.015397073	-0.99680775	0	0
491	-0.046590228	0.37512562	0.015595386	-0.99698174	0	0
492	-0.047303893	0.37463433	0.014933788	-0.9970111	0	0
493	-0.047342423	0.37381762	0.014968417	-0.99692553	0	0
494	-0.047169507	0.3748815	0.015053923	-0.9971159	0	0
495	-0.047024034	0.37472448	0.015204564	-0.9970106	0	0
496	-0.047246214	0.3740132	0.015066047	-0.997136	0	0
497	-0.04729936	0.37407455	0.014996876	-0.9970371	0	0
498	-0.047024924	0.3747093	0.015216005	-0.99711895	0	0
499	-0.046599887	0.3747999	0.015615952	-0.9969583	0	0
500	-0.047054864	0.3748043	0.015175618	-0.99710935	0	0
501	-0.04752054	0.3739026	0.014791039	-0.99701846	0	0
502	-0.047204796	0.3744102	0.015059986	-0.9970583	0	0
503	-0.047248255	0.37439072	0.015012617	-0.9969992	0	0
504	-0.04710277	0.37465644	0.015126049	-0.9969445	0	0
505	-0.047353446	0.37417686	0.014941305	-0.9971246	0	0
506	-0.046808112	0.37462503	0.015430545	-0.99701196	0	0
507	-0.04706092	0.37486497	0.015160815	-0.9970823	0	0
508	-0.046771467	0.3751156	0.015415135	-0.9969816	0	0
509	-0.047311224	0.37482843	0.014909588	-0.9970371	0	0
510	-0.047138013	0.3741414	0.015158859	-0.99711037	0	0
511	-0.046950247	0.37456286	0.015311357	-0.99717915	0	0
512	-0.047157366	0.37413907	0.01513204	-0.9970333	0	0
513	-0.047064155	0.37451777	0.015186707	-0.9970265	0	0
514	-0.04726425	0.37405077	0.015042317	-0.9971164	0	0
515	-0.047269862	0.3745308	0.014981513	-0.9970444	0	0
516	-0.047098916	0.37449312	0.015156164	-0.99704355	0	0
517	-0.047264293	0.37482074	0.014966051	-0.9971245	0	0
518	-0.047118165	0.3746251	0.015129723	-0.9971039	0	0
519	-0.047434498	0.3745031	0.014827168	-0.9971191	0	0
520	-0.047152363	0.37390193	0.015155191	-0.9969776	0	0
521	-0.047274895	0.37444782	0.0149815725	-0.9970127	0	0
522	-0.047114085	0.37481964	0.015115419	-0.9971146	0	0
523	-0.047137167	0.37424	0.0151506625	-0.9971181	0	0
524	-0.047322933	0.3740325	0.014982401	-0.997086	0	0
525	-0.046955388	0.3743704	0.015320644	-0.9971306	0	0
526	-0.046963636	0.37464187	0.015272866	-0.99700695	0	0
527	-0.04743216	0.3739426	0.014896384	-0.9972284	0	0
528	-0.047407266	0.37386635	0.014915056	-0.9970893	0	0
529	-0.04777008	0.37408814	0.014543229	-0.997221	0	0
530	-0.047302242	0.37342253	0.01507409	-0.9971859	0	0
531	-0.047508538	0.37392586	0.014818818	-0.99719876	0	0
532	-0.047625028	0.37362006	0.014725615	-0.99712604	0	0
533	-0.0475172	0.3736263	0.014834828	-0.99714667	0	0
534	-0.04706475	0.37392762	0.015255965	-0.99713504	0	0
535	-0.04725467	0.37460414	0.015000138	-0.9971526	0	0
536	-0.04747293	0.37386006	0.014866521	-0.9972545	0	0
537	-0.047573943	0.37372422	0.014775753	-0.9972211	0	0
538	-0.047518913	0.3738673	0.01481173	-0.99717355	0	0
539	-0.047451224	0.37375587	0.014892234	-0.9971905	0	0
540	-0.04716921	0.3741676	0.015138749	-0.99724734	0	0
541	-0.047296204	0.37368876	0.015044622	-0.9970973	0	0
542	-0.047398955	0.37365174	0.0149503285	-0.9971444	0	0
543	-0.047372513	0.37426594	0.014911308	-0.9971039	0	0
544	-0.047306195	0.3745335	0.014956668	-0.9971621	0	0
545	-0.04746162	0.37351018	0.014906149	-0.9971881	0	0
546	-0.047495868	0.37372947	0.014860207	-0.9972905	0	0
547	-0.047158513	0.3742225	0.015138082	-0.99718827	0	0
548	-0.047547113	0.37290508	0.014871143	-0.9970879	0	0
549	-0.04743098	0.37451246	0.014848592	-0.9973081	0	0
550	-0.048081834	0.37272513	0.014369463	-0.9972382	0	0
551	-0.047705542	0.37323898	0.01470793	-0.99737376	0	0
552	-0.04765757	0.3733635	0.0147203775	-0.99714273	0	0
553	-0.04762276	0.37379506	0.014709952	-0.997122	0	0
554	-0.0476977	0.37329698	0.014707341	-0.9973476	0	0
555	-0.047646735	0.3737147	0.014711385	-0.99729586	0	0
556	-0.04766072	0.37397704	0.014654757	-0.99713224	0	0
557	-0.04743722	0.37385535	0.014899082	-0.9972185	0	0
558	-0.047602236	0.3737723	0.01474405	-0.9972344	0	0
559	-0.047551174	0.37358335	0.014821862	-0.9973136	0	0
560	-0.047028024	0.37441382	0.015240778	-0.99710226	0	0
561	-0.04741375	0.37351692	0.014955314	-0.9972076	0	0
562	-0.04742717	0.37384072	0.014907014	-0.9971825	0	0
563	-0.047517706	0.37355086	0.014859905	-0.99732685	0	0
564	-0.047472678	0.3732095	0.014930201	-0.9972381	0	0
565	-0.04783542	0.3732896	0.014558007	-0.99722356	0	0
566	-0.04807985	0.37324437	0.014328539	-0.9973281	0	0
567	-0.04757176	0.3737833	0.014773783	-0.99723893	0	0
568	-0.047829673	0.37347585	0.014551965	-0.99729204	0	0
569	-0.0473234	0.3733102	0.015080271	-0.9973472	0	0
570	-0.04751685	0.37324965	0.014888113	-0.9972994	0	0
571	-0.04783159	0.37331685	0.014565155	-0.9972842	0	0
572	-0.047738865	0.37284622	0.014707546	-0.99730986	0	0
573	-0.047352817	0.37441617	0.01494046	-0.997349	0	0
574	-0.047546864	0.37360534	0.014837286	-0.997447	0	0
575	-0.048002884	0.37253636	0.014481044	-0.997376	0	0
576	-0.047662616	0.37332854	0.014735336	-0.9973081	0	0
577	-0.047817536	0.37308234	0.0146052735	-0.9973101	0	0
578	-0.047304973	0.37371182	0.015049923	-0.9972607	0	0
579	-0.04813082	0.37263417	0.014335059	-0.99729306	0	0
580	-0.047853183	0.3731155	0.014566039	-0.99730736	0	0
581	-0.04801466	0.37307885	0.014416653	-0.99739176	0	0
582	-0.04796654	0.37275207	0.014485399	-0.9972711	0	0
583	-0.047840178	0.37293312	0.014598307	-0.9973177	0	0
584	-0.04785562	0.37261155	0.01461824	-0.9973503	0	0
585	-0.047852844	0.37303534	0.014573286	-0.9972971	0	0
586	-0.048325542	0.37304965	0.014107098	-0.99737585	0	0
587	-0.048034415	0.37301353	0.014395629	-0.9973143	0	0
588	-0.047865205	0.37315327	0.014546591	-0.9972714	0	0
589	-0.047902673	0.37312827	0.014526964	-0.9974245	0	0
590	-0.047578897	0.3730953	0.014847688	-0.99736154	0	0
591	-0.047783047	0.37294823	0.014664038	-0.9974191	0	0
592	-0.04778173	0.3731008	0.014651901	-0.99743724	0	0
593	-0.04824355	0.37209305	0.0142839	-0.99736756	0	0
594	-0.048239652	0.3719173	0.01431933	-0.9975072	0	0
595	-0.047999542	0.37329262	0.014406562	-0.9973533	0	0
596	-0.04753843	0.37266117	0.014927016	-0.9973162	0	0
597	-0.047878742	0.3725731	0.014602893	-0.9973894	0	0
598	-0.04800464	0.37248003	0.014488678	-0.9974131	0	0
599	-0.047628418	0.37357268	0.014747809	-0.99733484	0	0
600	-0.0481816	0.3726292	0.014302478	-0.9974704	0	0
601	-0.04804318	0.3724984	0.01445399	-0.99747086	0	0
602	-0.04800016	0.37245905	0.014487755	-0.9973381	0	0
603	-0.04795683	0.37297145	0.014489438	-0.9974339	0	0
604	-0.04809717	0.37298903	0.014346447	-0.99742514	0	0
605	-0.048049893	0.37316558	0.014379893	-0.9974634	0	0
606	-0.048092842	0.37271243	0.014380748	-0.99744844	0	0
607	-0.04789012	0.37294623	0.014562676	-0.9974742	0	0
608	-0.04806208	0.3722379	0.014462449	-0.99748296	0	0
609	-0.04843501	0.37328458	0.013974487	-0.99737936	0	0
610	-0.048030738	0.3729453	0.014421412	-0.9974666	0	0
611	-0.048090555	0.37223926	0.014422449	-0.997369	0	0
612	-0.04812178	0.37206197	0.014418175	-0.9974613	0	0
613	-0.04797712	0.37190586	0.01458496	-0.99752665	0	0
614	-0.047936995	0.37255374	0.01455122	-0.99743605	0	0
615	-0.048176035	0.3724124	0.014323553	-0.9974082	0	0
616	-0.04791933	0.37242356	0.014580406	-0.99742115	0	0
617	-0.048289355	0.37200475	0.014243376	-0.9973319	0	0
618	-0.04811049	0.3724164	0.01439675	-0.9974886	0	0
619	-0.04789579	0.372772	0.014570852	-0.9974385	0	0
620	-0.048356537	0.37215292	0.014178497	-0.99750304	0	0
621	-0.04823351	0.37276888	0.0142392125	-0.997496	0	0
622	-0.04815279	0.37247026	0.014350609	-0.9975045	0	0
623	-0.0480187	0.37222078	0.014496525	-0.99737316	0	0
624	-0.048194718	0.37251702	0.0143039385	-0.99750364	0	0
625	-0.048259843	0.3721668	0.014260147	-0.99736667	0	0
626	-0.048446346	0.37207136	0.014097745	-0.99751216	0	0
627	-0.04793365	0.37286657	0.014522415	-0.9974271	0	0
628	-0.048274316	0.3722771	0.014240226	-0.9974223	0	0
629	-0.048321452	0.37210292	0.014226406	-0.99758136	0	0
630	-0.047930032	0.37269068	0.014551035	-0.9975016	0	0
631	-0.048143446	0.37267113	0.014346811	-0.99757385	0	0
632	-0.048142955	0.3724611	0.014362218	-0.9975128	0	0
633	-0.048395768	0.37207294	0.014137538	-0.9974059	0	0
634	-0.04847528	0.37267798	0.014011622	-0.9975471	0	0
635	-0.048070773	0.37277147	0.014402035	-0.9974994	0	0
636	-0.048386883	0.372068	0.014168431	-0.9976211	0	0
637	-0.048298646	0.37234527	0.014217605	-0.9975075	0	0
638	-0.048397634	0.37198883	0.014148548	-0.99745053	0	0
639	-0.048069503	0.3721032	0.014464174	-0.9974399	0	0
640	-0.048497483	0.37178552	0.014073753	-0.9974982	0	0
641	-0.04797494	0.37220684	0.014550198	-0.9974584	0	0
642	-0.04833564	0.37252071	0.014170851	-0.9975855	0	0
643	-0.048411302	0.371824	0.014161104	-0.9975482	0	0
644	-0.0479719	0.37209088	0.014574345	-0.9975532	0	0
645	-0.048134226	0.3721719	0.014399723	-0.9975113	0	0
646	-0.04850744	0.37095207	0.014152082	-0.9975471	0	0
647	-0.04833269	0.3719731	0.014231489	-0.9976146	0	0
648	-0.048342366	0.37210226	0.014208412	-0.9976103	0	0
649	-0.048331384	0.37160903	0.014260613	-0.997529	0	0
650	-0.048381586	0.3717474	0.014201114	-0.9975741	0	0
651	-0.04837489	0.3720953	0.01416896	-0.9975336	0	0
652	-0.04814501	0.3719144	0.014412679	-0.9974916	0	0
653	-0.048160758	0.37245768	0.014344399	-0.9975095	0	0
654	-0.048375815	0.3714425	0.014232051	-0.99752116	0	0
655	-0.048588533	0.37173083	0.013983729	-0.9974535	0	0
656	-0.04822362	0.37171885	0.014364595	-0.99760085	0	0
657	-0.048404485	0.37246308	0.014106399	-0.9975716	0	0
658	-0.048628267	0.37120315	0.014009168	-0.9975771	0	0
659	-0.048757486	0.37157628	0.013845821	-0.99760956	0	0
660	-0.048322238	0.37228853	0.014206578	-0.9975767	0	0
661	-0.048371647	0.37134057	0.01425499	-0.99760646	0	0
662	-0.04805819	0.3719792	0.014502267	-0.9975833	0	0
663	-0.048726168	0.37165877	0.013866871	-0.9975891	0	0
664	-0.048412368	0.37176508	0.014182173	-0.9977104	0	0
665	-0.048403297	0.37156767	0.014200941	-0.9976099	0	0
666	-0.048703637	0.37139782	0.013922232	-0.9976568	0	0
667	-0.048035882	0.37222505	0.01449644	-0.9975481	0	0
668	-0.04867465	0.3715066	0.013946482	-0.9977182	0	0
669	-0.048549935	0.37150797	0.014062485	-0.9976323	0	0
670	-0.04816658	0.371709	0.01442619	-0.99763685	0	0
671	-0.048240628	0.37203765	0.014310176	-0.99754536	0	0
672	-0.048484065	0.37133214	0.014150013	-0.99767286	0	0
673	-0.048413176	0.37124893	0.014227901	-0.9976596	0	0
674	-0.04820305	0.37222162	0.014339838	-0.9976507	0	0
675	-0.048416853	0.3717657	0.0141740795	-0.9976746	0	0
676	-0.048581075	0.3715078	0.014035634	-0.9976747	0	0
677	-0.0486959	0.37171885	0.013890815	-0.99758613	0	0
678	-0.04830281	0.37213236	0.014253077	-0.9976912	0	0
679	-0.048294812	0.37176886	0.014295822	-0.997675	0	0
680	-0.048425302	0.3716629	0.014168565	-0.9976014	0	0
681	-0.04848254	0.3717875	0.01410386	-0.99765146	0	0
682	-0.04837705	0.37146077	0.014247546	-0.9977069	0	0
683	-0.048597604	0.3718455	0.0139843775	-0.9976652	0	0
684	-0.04882347	0.37132356	0.013804711	-0.9976054	0	0
685	-0.048686504	0.37149137	0.013926561	-0.99762183	0	0
686	-0.048542857	0.37164623	0.014053204	-0.99760675	0	0
687	-0.04860939	0.37140197	0.014017242	-0.9976682	0	0
688	-0.04872475	0.3713786	0.013904713	-0.99767303	0	0
689	-0.048766464	0.37129843	0.013872131	-0.99768406	0	0
690	-0.048540626	0.37142238	0.0140863	-0.99769145	0	0
691	-0.048611797	0.37142655	0.014010125	-0.9976453	0	0
692	-0.048258882	0.3720135	0.014308528	-0.9976872	0	0
693	-0.048408512	0.3720123	0.01416891	-0.9977866	0	0
694	-0.04860995	0.37101164	0.014061816	-0.99772924	0	0
695	-0.048402656	0.3716405	0.014206865	-0.99773556	0	0
696	-0.048720803	0.371055	0.013937582	-0.99763894	0	0
697	-0.048687194	0.37102938	0.013969381	-0.99759513	0	0
698	-0.048772004	0.37147763	0.0138527285	-0.99772507	0	0
699	-0.048506707	0.37171075	0.014088137	-0.99765927	0	0
700	-0.048688665	0.37100518	0.01397976	-0.997689	0.9428571428544489	0.9999999999969696
701	-0.048525527	0.37165534	0.014078113	-0.997692	0.9736842105237534	0.9999999999972973
702	-0.04839534	0.37173206	0.014205503	-0.99774045	0.8787878787852157	0.9062499999971679
703	-0.048426475	0.3716129	0.014185517	-0.99773276	0.9428571428544489	0.9705882352912629
704	-0.048693947	0.37138832	0.013932665	-0.9976548	0.885714285711755	0.9393939393910927
705	-0.048720714	0.37153804	0.013897955	-0.9977249	0.9696969696940312	0.9696969696940312
706	-0.048749924	0.37155908	0.013865419	-0.99771285	0.9189189189164353	0.944444444441821
707	-0.048534285	0.37130162	0.014107315	-0.99771756	0.944444444441821	0.9714285714257959
708	-0.04849997	0.37167847	0.014099075	-0.997669	0.9999999999972973	0.9999999999972973
709	-0.048867084	0.3708338	0.013822606	-0.9977302	0.9677419354807493	0.9677419354807493
710	-0.04860159	0.37108296	0.0140588945	-0.9976874	0.9428571428544489	0.9999999999969696
711	-0.048577063	0.3710127	0.014096361	-0.9977468	0.9117647058796712	0.9999999999967742
712	-0.048852127	0.37125292	0.013790026	-0.9976746	0.8918918918894814	0.9999999999969696
713	-0.048675537	0.37086016	0.014010911	-0.9977249	0.8974358974335963	0.9999999999971428
714	-0.04909688	0.37077138	0.0135979485	-0.99771965	0.9090909090881543	0.9374999999970702
715	-0.048792638	0.37060177	0.013924083	-0.99776894	0.9999999999970588	0.9999999999970588
716	-0.048755616	0.37077954	0.01395002	-0.9978359	0.7499999999981249	0.8823529411738754
717	-0.048687946	0.37104687	0.013985944	-0.99778533	0.9393939393910927	0.9999999999967742
718	-0.049234692	0.37071756	0.013472718	-0.99779177	0.9047619047597505	0.974358974356476
719	-0.048767317	0.37083897	0.013922345	-0.9977356	0.9687499999969726	0.9687499999969726
720	-0.048911076	0.37102777	0.013762854	-0.9977669	0.9374999999970702	0.9999999999966668
721	-0.048752025	0.37140054	0.013881337	-0.99773383	0.9166666666641203	0.9999999999969696
722	-0.048695225	0.37104264	0.013978992	-0.9977845	0.9687499999969726	0.9687499999969726
723	-0.048745282	0.3710707	0.01392116	-0.997735	0.8823529411738754	0.9999999999966668
724	-0.049184106	0.37060946	0.013531913	-0.9977701	0.8648648648625273	0.9999999999968749
725	-0.048881732	0.37056026	0.013835984	-0.99773735	0.8571428571404082	0.9677419354807493
726	-0.049013894	0.3706761	0.013693643	-0.99775124	0.8749999999978124	0.9459459459433893
727	-0.048771847	0.37117612	0.013885271	-0.9977476	0.9189189189164353	0.9714285714257959
728	-0.04876771	0.37120563	0.01388348	-0.9977176	0.9166666666641203	0.9999999999969696
729	-0.04871098	0.37107897	0.013954207	-0.9977307	0.885714285711755	0.9687499999969726
730	-0.049007583	0.37043232	0.013725186	-0.9977603	0.8717948717926364	0.9189189189164353
731	-0.048916034	0.37137613	0.013730945	-0.9978458	0.9687499999969726	0.9999999999967742
732	-0.049088646	0.37033156	0.013654406	-0.99776214	0.9677419354807493	0.9999999999966668
733	-0.048913382	0.3707832	0.01378341	-0.997751	0.8918918918894814	0.9428571428544489
734	-0.048947804	0.37052	0.013781114	-0.99780935	0.914285714283102	0.941176470585467
735	-0.0488571	0.37121868	0.013796585	-0.99775594	0.9210526315765235	0.9459459459433893
736	-0.048662942	0.37085274	0.014038172	-0.99786335	0.9705882352912629	0.9428571428544489
737	-0.049100135	0.37038526	0.013640901	-0.9977953	0.8333333333310184	0.9677419354807493
738	-0.048970334	0.3703217	0.013779127	-0.99781644	0.9189189189164353	0.9999999999970588
739	-0.04900375	0.37103143	0.01368192	-0.9978882	0.9705882352912629	0.9999999999969696
740	-0.04877742	0.3712914	0.013872107	-0.99778646	0.8787878787852157	0.8787878787852157
741	-0.049075894	0.37067297	0.013641068	-0.9978427	0.8611111111087191	0.9999999999967742
742	-0.048870865	0.3710506	0.013806771	-0.9978273	0.9512195121928019	0.9749999999975625
743	-0.048709985	0.37099278	0.013973059	-0.9978228	0.9687499999969726	0.9999999999967742
744	-0.048686355	0.3709021	0.013996291	-0.99772894	0.9999999999972222	0.9999999999972222
745	-0.04856957	0.37155515	0.014054859	-0.9977995	0.944444444441821	0.944444444441821
746	-0.04889445	0.3709625	0.01379251	-0.99783206	0.9473684210501384	0.9729729729703432
747	-0.04861872	0.371023	0.01405795	-0.9977899	0.9189189189164353	0.9999999999970588
748	-0.049075745	0.37051088	0.013654443	-0.997813	0.914285714283102	0.9696969696940312
749	-0.048697483	0.37079245	0.014002679	-0.9977939	0.9714285714257959	0.9999999999970588
750	-0.048914574	0.37091577	0.013768612	-0.997748	0.9166666666641203	0.9705882352912629
751	-0.049049973	0.37050268	0.013680605	-0.9978084	0.9428571428544489	0.9705882352912629
752	-0.04887714	0.37153494	0.013750363	-0.9978097	0.914285714283102	0.941176470585467
753	-0.04895962	0.3714647	0.013676456	-0.99782526	0.8999999999977499	0.9999999999972222
754	-0.04928437	0.3706234	0.013438895	-0.99785554	0.9473684210501384	0.9999999999972222
755	-0.049233537	0.37054747	0.01349472	-0.99782956	0.9428571428544489	0.9999999999969696
756	-0.04916652	0.3708846	0.013525229	-0.9978021	0.8684210526292936	0.9166666666641203
757	-0.048889328	0.37103358	0.0137897795	-0.9978248	0.9666666666634445	0.9666666666634445
758	-0.048627224	0.37120658	0.014028188	-0.99776083	0.949999999997625	0.974358974356476
759	-0.048736706	0.37077218	0.013971084	-0.9978501	0.9117647058796712	0.9393939393910927
760	-0.048653673	0.3708123	0.014045983	-0.997809	0.9117647058796712	0.9687499999969726
761	-0.048509646	0.3709577	0.014177178	-0.9978261	0.885714285711755	0.9393939393910927
762	-0.049004752	0.37061927	0.013717073	-0.9978375	0.9999999999972973	0.9736842105237534
763	-0.04933838	0.37085274	0.013359972	-0.9978364	0.9696969696940312	0.9999999999968749
764	-0.04911374	0.37046012	0.013629811	-0.9978954	0.9210526315765235	0.9999999999971428
765	-0.049147736	0.3702784	0.013606565	-0.9978218	0.914285714283102	0.9696969696940312
766	-0.04861642	0.37105343	0.014059303	-0.9978109	0.9999999999969696	0.9999999999969696
767	-0.049053602	0.37029794	0.013697864	-0.9978122	0.9487179487155161	0.9999999999972973
768	-0.048963983	0.37057972	0.013765495	-0.9978744	0.9374999999970702	0.9677419354807493
769	-0.049065724	0.37063065	0.013656988	-0.9978581	0.9687499999969726	0.9687499999969726
770	-0.049099077	0.3708184	0.013608492	-0.99789417	0.9714285714257959	0.9714285714257959
771	-0.04923353	0.3704418	0.013507809	-0.9978555	0.8823529411738754	0.8823529411738754
772	-0.04905256	0.3701726	0.013720944	-0.99790776	0.9999999999966668	0.9374999999970702
773	-0.04899461	0.37046996	0.01374481	-0.99786365	0.8249999999979375	0.9705882352912629
774	-0.049047157	0.3704975	0.013686455	-0.9978338	0.8888888888864197	0.941176470585467
775	-0.049000762	0.3705385	0.013734207	-0.9978882	0.9999999999969696	0.9999999999969696
776	-0.049184266	0.37083164	0.013525035	-0.99792504	0.9999999999967742	0.9999999999967742
777	-0.049090486	0.3704179	0.0136589315	-0.99791175	0.8999999999977499	0.9999999999972222
778	-0.04937216	0.36997724	0.013419661	-0.997896	0.941176470585467	0.941176470585467
779	-0.048893277	0.3704024	0.0138538275	-0.9978734	0.9189189189164353	0.9999999999970588
780	-0.048943974	0.37084517	0.013759129	-0.99787605	0.9687499999969726	0.9687499999969726
781	-0.048950575	0.37021682	0.013807005	-0.9977925	0.9696969696940312	0.9696969696940312
782	-0.048895527	0.37152326	0.013744492	-0.9979237	0.9473684210501384	0.9729729729703432
783	-0.049036004	0.37007797	0.01374383	-0.99787635	0.9999999999968749	0.9999999999968749
784	-0.049209435	0.37038508	0.013538571	-0.99786514	0.9428571428544489	0.9999999999969696
785	-0.048982393	0.37001342	0.0138041135	-0.9978782	0.9428571428544489	0.9999999999969696
786	-0.049032435	0.37031794	0.01372216	-0.997864	0.8918918918894814	0.9999999999969696
787	-0.049054317	0.37080023	0.013658417	-0.99792767	0.8888888888864197	0.9696969696940312
788	-0.048906475	0.37118116	0.013761868	-0.9978649	0.885714285711755	0.9393939393910927
789	-0.04892963	0.37077686	0.013785223	-0.99792534	0.8648648648625273	0.9696969696940312
790	-0.0490878	0.3708701	0.013612679	-0.9978751	0.944444444441821	0.944444444441821
791	-0.04901524	0.3697513	0.013795288	-0.99785656	0.8823529411738754	0.9374999999970702
792	-0.049074765	0.37073946	0.013637296	-0.9978599	0.9999999999969696	0.9999999999969696
793	-0.049382295	0.37010035	0.013395534	-0.9978783	0.9687499999969726	0.9687499999969726
794	-0.04916952	0.3702138	0.013599218	-0.99790096	0.9393939393910927	0.9687499999969726
795	-0.04934419	0.37030464	0.013415221	-0.99789876	0.941176470585467	0.9696969696940312
796	-0.04881275	0.37033805	0.013939345	-0.9978593	0.9428571428544489	0.9999999999969696
797	-0.049302384	0.37020963	0.013468899	-0.99792266	0.9166666666641203	0.9999999999969696
798	-0.049095485	0.37030736	0.013668243	-0.9979446	0.9374999999970702	0.9090909090881543
799	-0.048898444	0.371548	0.013738399	-0.9979162	0.8684210526292936	0.9999999999969696
800	-0.04863735	0.37161505	0.013991433	-0.9979028	0.9428571428544489	0.9999999999969696
801	-0.049045153	0.37012383	0.013737316	-0.99794877	0.9374999999970702	0.9374999999970702
802	-0.04920402	0.3709361	0.013495901	-0.9979353	0.8888888888864197	0.941176470585467
803	-0.04924355	0.37025788	0.013520723	-0.99790055	0.944444444441821	0.9999999999970588
804	-0.04915851	0.3700512	0.013633494	-0.99797136	0.914285714283102	0.9999999999968749
805	-0.048867702	0.37052172	0.0138688395	-0.99788725	0.9687499999969726	0.9117647058796712
806	-0.049314868	0.369964	0.013482816	-0.99794036	0.8648648648625273	0.9999999999968749
807	-0.04907251	0.37004596	0.013710502	-0.99787605	0.9210526315765235	0.9999999999971428
808	-0.04886574	0.3702587	0.013897357	-0.99788964	0.9696969696940312	0.9696969696940312
809	-0.04875137	0.37058234	0.013985849	-0.99795413	0.941176470585467	0.9696969696940312
810	-0.048981015	0.37039343	0.013770957	-0.9979131	0.9393939393910927	0.9393939393910927
811	-0.048980225	0.36992034	0.013819238	-0.99791485	0.9090909090881543	0.9374999999970702
812	-0.049259268	0.3703277	0.013500741	-0.997928	0.8918918918894814	0.9705882352912629
813	-0.048991937	0.37036878	0.013764748	-0.99793535	0.7674418604633315	0.9705882352912629
814	-0.049215738	0.37019783	0.0135594355	-0.9979496	0.9705882352912629	0.9428571428544489
815	-0.049303923	0.36988387	0.013502231	-0.9979453	0.9117647058796712	0.9117647058796712
816	-0.04933687	0.36995885	0.013460396	-0.99793124	0.9166666666641203	0.9705882352912629
817	-0.049063332	0.3703251	0.013698356	-0.99794227	0.944444444441821	0.9999999999970588
818	-0.04919234	0.3707576	0.013521234	-0.99789315	0.9696969696940312	0.9999999999968749
819	-0.04926925	0.3705448	0.013470206	-0.9979393	0.8461538461516764	0.9705882352912629
820	-0.04921767	0.37020624	0.013549842	-0.9978811	0.941176470585467	0.941176470585467
821	-0.048975103	0.37027562	0.013790004	-0.99792665	0.8157894736820637	0.9687499999969726
822	-0.04880874	0.37064356	0.01391878	-0.9979184	0.9729729729703432	0.9999999999972222
823	-0.04921922	0.37068313	0.013508129	-0.9979566	0.9677419354807493	0.9090909090881543
824	-0.049474623	0.3700935	0.013307034	-0.99791044	0.9393939393910927	0.9999999999967742
825	-0.048870396	0.3703185	0.013887636	-0.9978986	0.8947368421029085	0.9714285714257959
826	-0.049209986	0.36986485	0.013600547	-0.99797046	0.9090909090881543	0.9374999999970702
827	-0.04943143	0.37015426	0.013350247	-0.99797124	0.8249999999979375	0.9705882352912629
828	-0.049241032	0.37018636	0.013537926	-0.99797577	0.8749999999978124	0.9999999999971428
829	-0.049339972	0.37036604	0.013413529	-0.9979017	0.8918918918894814	0.9705882352912629
830	-0.049382847	0.37020427	0.013392347	-0.997956	0.9210526315765235	0.9459459459433893
831	-0.049255293	0.3694046	0.01359222	-0.9978796	0.9696969696940312	0.9999999999968749
832	-0.049281422	0.37043706	0.013470079	-0.9979517	0.9166666666641203	0.9705882352912629
833	-0.0489811	0.36983788	0.013831597	-0.9979649	0.9714285714257959	0.9999999999970588
834	-0.049551737	0.37002432	0.013241705	-0.9979587	0.9189189189164353	0.9714285714257959
835	-0.049136143	0.3700826	0.013648698	-0.9979307	0.8529411764680795	0.9354838709647243
836	-0.049078878	0.3700895	0.013702464	-0.99790263	0.941176470585467	0.9696969696940312
837	-0.049266037	0.3701248	0.013518689	-0.9979722	0.914285714283102	0.9696969696940312
838	-0.049216688	0.37013167	0.0135654025	-0.99795264	0.8684210526292936	0.9166666666641203
839	-0.049122855	0.370457	0.0136253415	-0.9979392	0.885714285711755	0.9687499999969726
840	-0.049504362	0.3698664	0.013312404	-0.99803376	0.9705882352912629	0.9999999999969696
841	-0.049310997	0.36989608	0.013497958	-0.99798536	0.9166666666641203	0.9999999999969696
842	-0.049065802	0.37021464	0.013705429	-0.997927	0.9722222222195216	0.9999999999971428
843	-0.04955502	0.3703674	0.013206032	-0.99797773	0.9687499999969726	0.9687499999969726
844	-0.04910251	0.36978704	0.013713294	-0.99794525	0.944444444441821	0.944444444441821
845	-0.049205597	0.37006396	0.013584775	-0.9979676	0.914285714283102	0.9999999999968749
846	-0.04917748	0.3701681	0.013605307	-0.99799603	0.9210526315765235	0.9722222222195216
847	-0.049097236	0.37001228	0.013693461	-0.9979193	0.9090909090881543	0.9677419354807493
848	-0.04917918	0.3705061	0.013563623	-0.9979342	0.9473684210501384	0.9729729729703432
849	-0.048942503	0.37052542	0.01380642	-0.9980148	0.9428571428544489	0.9428571428544489
850	-0.049185086	0.37027997	0.013582922	-0.99796	0.8787878787852157	0.9999999999965518
851	-0.049179357	0.37027192	0.013592019	-0.9979858	0.9999999999972973	0.9999999999972973
852	-0.048900805	0.37052104	0.013843092	-0.99796027	0.944444444441821	0.9714285714257959
853	-0.049410354	0.3700847	0.013378803	-0.9979766	0.9428571428544489	0.9999999999969696
854	-0.049285255	0.37012628	0.0134982215	-0.9979613	0.9687499999969726	0.9687499999969726
855	-0.049374178	0.36980358	0.013441569	-0.9979609	0.9249999999976874	0.9999999999972973
856	-0.049192708	0.3703901	0.0135634	-0.997951	0.8749999999978124	0.9999999999971428
857	-0.049309142	0.3701672	0.013463796	-0.9978968	0.9393939393910927	0.9393939393910927
858	-0.049256433	0.3703276	0.0135114975	-0.998007	0.9459459459433893	0.9722222222195216
859	-0.049272526	0.36991972	0.013522107	-0.9978659	0.9714285714257959	0.9999999999970588
860	-0.04919693	0.3704842	0.013556524	-0.9980187	0.941176470585467	0.9696969696940312
861	-0.049272675	0.36970592	0.013548996	-0.9979226	0.9189189189164353	0.944444444441821
862	-0.049123432	0.37090543	0.013591007	-0.9980496	0.8999999999970001	0.9642857142822705
863	-0.049170393	0.3707571	0.013543227	-0.99789315	0.885714285711755	0.9393939393910927
864	-0.049318533	0.3696129	0.013522174	-0.99802023	0.8684210526292936	0.9428571428544489
865	-0.04932995	0.36969614	0.013498776	-0.9979836	0.941176470585467	0.9696969696940312
866	-0.048936132	0.37072024	0.013788509	-0.99796635	0.9487179487155161	0.9736842105237534
867	-0.04948136	0.36988494	0.013326173	-0.9979602	0.9393939393910927	0.9999999999967742
868	-0.049430482	0.36957702	0.013404682	-0.9979286	0.9117647058796712	0.9999999999967742
869	-0.04901664	0.3700715	0.0137712285	-0.9979502	0.941176470585467	0.941176470585467
870	-0.049071748	0.3703584	0.013692082	-0.99799645	0.9249999999976874	0.9999999999972973
871	-0.04902245	0.37044254	0.013727418	-0.99794143	0.914285714283102	0.9696969696940312
872	-0.049189035	0.3703594	0.01357333	-0.99798375	0.9189189189164353	0.9714285714257959
873	-0.04912722	0.37007758	0.0136609	-0.9979585	0.9393939393910927	0.9687499999969726
874	-0.04948481	0.36983258	0.0133294435	-0.9979754	0.9999999999969696	0.9999999999969696
875	-0.049267773	0.3699096	0.013542545	-0.99801284	0.9999999999968749	0.9999999999968749
876	-0.04903329	0.3705165	0.013712695	-0.99797696	0.9117647058796712	0.9393939393910927
877	-0.049258545	0.37000358	0.0135388905	-0.99797755	0.8888888888864197	0.9999999999968749
878	-0.04908931	0.36993232	0.013709804	-0.9979238	0.9393939393910927	0.9393939393910927
879	-0.049461707	0.369663	0.013369048	-0.9979704	0.885714285711755	0.9687499999969726
880	-0.04904747	0.37045655	0.013704003	-0.9979712	0.8888888888864197	0.9696969696940312
881	-0.04932907	0.36957952	0.013510166	-0.99797195	0.9729729729703432	0.9999999999972222
882	-0.049353573	0.37010866	0.0134340525	-0.997985	0.9705882352912629	0.9999999999969696
883	-0.04904246	0.36967167	0.013785085	-0.9979463	0.8717948717926364	0.944444444441821
884	-0.04901659	0.36993647	0.013784027	-0.9979425	0.8888888888864197	0.9696969696940312
885	-0.049069863	0.36973998	0.013756301	-0.99800175	0.9999999999966668	0.9999999999966668
886	-0.049121253	0.37006107	0.013676142	-0.99803483	0.9032258064486993	0.9333333333302223
887	-0.04922015	0.3705101	0.013526217	-0.9979737	0.9210526315765235	0.9999999999971428
888	-0.04884868	0.37007505	0.013934948	-0.99791133	0.8529411764680795	0.9354838709647243
889	-0.04915111	0.36966947	0.013683675	-0.9980174	0.9473684210501384	0.9999999999972222
